101.66 148.34 78.95 79.00 79.03 100.0
102.74 149.40 80.09 80.02 80.02 100.0
102.08 148.68 79.66 79.07 79.02 100.0
102.19 148.43 79.88 79.58 79.63 100.0
101.47 147.78 79.34 79.14 79.20 100.0
100.97 147.29 78.88 78.40 78.36 100.0
100.53 146.16 78.59 78.05 78.10 100.0
110.64 144.44 94.20 78.10 NaN 100.0
163.43 175.95 160.02 77.41 NaN 100.0
103.56 148.46 81.05 77.63 78.02 100.0
102.74 148.86 80.28 78.86 78.78 100.0
100.92 147.29 78.80 79.34 79.39 100.0
99.40 146.09 77.59 79.93 79.88 100.0
98.14 144.98 76.56 79.78 79.78 100.0
41.05 57.14 33.26 78.02 108.92 100.0
70.95 104.17 54.50 77.97 96.53 100.0
100.19 147.17 78.20 78.68 78.64 100.0
100.66 148.03 78.72 80.22 80.24 100.0
100.32 148.15 78.41 79.85 79.81 100.0
101.02 148.95 79.12 81.47 81.48 100.0
100.37 148.71 78.59 81.20 81.19 100.0
98.59 147.25 77.12 82.56 82.61 100.0
99.07 148.07 77.28 81.76 81.76 100.0
98.05 147.15 76.51 80.61 80.59 100.0
98.66 147.59 76.95 79.33 79.24 100.0
99.14 147.53 77.17 77.22 77.22 100.0
101.19 149.69 78.75 77.22 77.22 100.0
100.14 149.09 78.00 80.54 80.49 100.0
100.92 150.22 78.86 80.09 80.07 100.0
101.71 150.98 79.55 81.58 81.51 100.0
99.93 149.83 78.00 82.55 82.62 100.0