111.72 174.64 85.57 83.37 83.42 NaN
111.44 173.92 85.15 83.22 83.17 NaN
109.88 171.47 84.02 82.50 82.52 NaN
105.31 159.05 79.56 74.34 74.31 NaN
101.75 151.37 77.14 74.91 74.97 NaN
100.79 150.12 76.69 75.19 75.19 NaN
98.81 146.73 75.10 74.88 74.90 NaN
96.79 144.03 73.84 74.19 74.10 NaN
94.95 141.46 72.83 74.32 74.32 NaN
94.21 140.31 72.59 74.28 74.33 NaN
171.51 171.51 171.51 74.00 NaN NaN
152.12 165.63 145.98 74.02 NaN NaN
98.21 140.79 78.61 73.81 74.00 NaN
93.58 139.76 72.37 74.10 74.05 NaN
94.95 141.43 73.53 74.22 74.27 NaN
94.07 140.39 73.03 73.83 73.80 NaN
93.50 140.16 72.71 73.93 73.86 NaN
93.12 139.36 72.25 74.08 74.10 NaN
93.25 139.59 72.44 74.08 74.03 NaN
92.83 139.26 72.17 74.36 74.40 91.33
92.75 139.34 72.15 73.97 74.00 91.90
92.33 138.57 71.91 74.33 74.31 92.00
91.63 137.63 71.51 74.46 74.53 92.00
90.59 136.34 70.73 74.31 74.28 92.09
91.66 138.00 71.66 74.22 74.22 92.88
92.61 139.27 72.47 74.81 74.78 93.00
91.64 137.86 71.76 74.60 74.55 93.00
92.22 138.85 72.14 74.49 74.46 93.00
92.21 138.93 72.17 74.59 74.72 93.00
91.42 137.81 71.63 74.85 74.83 93.10
91.26 138.21 71.47 74.76 74.74 93.09