79.90 114.29 55.75 101.24 101.24 97.00
80.46 113.49 56.56 101.84 101.90 97.28
78.76 111.93 55.38 100.90 100.86 97.00
77.69 110.15 54.85 100.17 100.07 96.98
74.98 106.19 53.10 99.86 99.84 96.92
75.83 106.73 53.98 99.69 99.66 97.00
74.31 104.24 53.07 99.02 99.12 96.90
74.56 103.34 53.83 99.78 99.71 96.88
72.42 100.05 52.37 99.32 99.34 97.14
71.50 98.19 52.05 99.64 99.57 97.05
70.98 97.59 51.64 98.75 98.76 97.00
70.60 96.95 51.24 98.86 98.88 97.00
69.56 95.15 50.71 97.93 97.95 97.03
69.80 95.83 50.69 97.51 97.50 97.10
69.62 95.48 50.78 97.45 97.39 97.00
68.85 94.41 50.27 96.38 96.41 97.00
67.48 92.19 49.36 96.05 96.00 97.36
66.51 90.83 48.64 95.14 95.14 97.29
67.36 92.19 49.16 95.78 95.67 97.51
67.36 91.97 49.27 96.31 96.27 97.49
68.46 93.59 50.24 96.14 96.07 97.02
68.53 93.57 50.21 96.20 96.22 97.15
68.20 93.27 49.97 96.24 96.22 97.00
68.21 93.10 50.07 96.48 96.41 97.00
91.98 106.19 81.64 96.24 NaN 97.17
71.00 100.03 50.31 96.34 96.52 97.43
67.24 91.84 49.38 96.03 96.03 97.10
67.61 92.66 49.44 95.92 95.93 97.26
66.05 90.10 48.52 96.00 96.00 97.34
66.49 90.76 48.71 95.47 95.37 97.41
67.95 93.03 50.00 95.43 95.48 97.28