Var1	Var2	Var3	Var4	Var5	Var6	Var7	Var8	Var9
89.8591067582666	126.212390522207	70.021104244207	90.4636829030535	126.141592930103	69.5562584594495	252.767542069771	0	0
90.1978591252936	127.843960134724	69.4905745256408	90.5741243601494	126.414215238019	69.555632737028	248.721292521054	0	0
90.7264577351999	126.405476138872	69.1902707003047	90.1709932354683	125.847106881499	69.2323267328763	233.950155775711	0	0
89.1132108664557	126.794759406217	69.3443840552367	90.5062768180252	126.247972022918	69.5127916272568	222.838275129078	0	0
90.1544406139868	126.237518541247	69.3222251946046	90.4361547029957	126.089729442882	69.4959341364148	223.559759125301	0	0
91.2611196993671	125.485591315869	70.0072510207062	90.8080493749313	126.60908768484	69.8446714793163	225.644571433805	0	0
90.6899525436582	126.655492092725	69.9216215783765	90.7715803719815	126.49926413584	69.7793406755849	214.999173765544	0	0
91.0087265696959	126.816507164168	69.8259538413872	90.4413071739526	126.009842437157	69.5820061244062	211.744932892073	0	0
90.4200151351605	126.19507102992	70.1027183711244	90.7128682980783	125.98410321195	69.9189174887846	213.839485982995	0	0
90.3718369046958	126.00088610237	69.7579709336622	90.9000862053331	126.169917460759	69.9538678465928	210.148567093133	0	0
90.9779543608044	126.731757475948	70.1191392678757	91.1996314717448	126.554207319091	70.2451213488444	209.169926190908	0	0
91.8775894850223	127.684587089702	70.8061438032412	91.8158327512516	127.310037480038	70.7825241573474	206.010704870709	0	0
92.975048883015	127.504364418907	71.2320087442057	92.099276045836	127.68071644532	70.9780942818585	204.970824123254	0	0
91.9744814959086	126.95667605505	70.9514797446692	92.1980158925137	127.764344690804	71.1088319816857	203.641045824331	0	0
92.6956748002473	127.5509223306	70.9290330216647	92.013157071741	127.34223943306	71.0454685818105	206.420714207689	0	0
90.4942052377669	128.315145643944	71.9273893467179	92.6125301569139	127.803074419715	71.7516012249342	216.357080645187	0	0
92.4303220829747	127.320452661215	71.0885393549063	91.9994655545467	127.275814181301	71.0323562003463	223.934004903962	0	0
92.0621254441668	126.17672783479	71.0140726926282	91.7708788654058	126.95009823897	70.8598595885369	222.386281015555	0	0
91.2204979817069	126.716805505514	71.0482460432221	91.7667491988466	126.987360619075	70.8193850434788	224.25910295558	0	0
92.2909785163056	126.939536772099	71.120721860116	92.0609364417983	127.334668707512	71.0551033025651	211.278701996699	0	0
91.6922134219606	128.396747065875	71.2499904855658	92.2215570017992	127.432352431762	71.2816244466835	204.715708229325	0	0
91.7728202257262	127.630817484956	71.6503517605598	92.5168836973716	127.594683595943	71.6984655981406	204.548408265585	0	0
91.5515721689648	128.135091223784	71.6249179811539	92.3124075190142	127.530106582028	71.4438096293685	209.093551669513	0	0
93.0589590839163	127.574282239872	71.6001851203626	92.1795485441478	127.379744093464	71.4155830639411	207.889518688852	0	0
92.1379672116636	126.627045815667	71.5154182625663	92.1472566942948	127.275544070485	71.4723318364272	211.906049606038	0	0
93.3215607197327	128.45366155683	71.8903086056421	92.2262986908396	127.235330467023	71.6346664048311	210.366074007319	0	0
91.4484820438825	127.467279518541	71.5466492889554	92.199380494213	127.183668040567	71.5047672586212	212.707896337075	0	0
91.334435873883	126.844189195329	71.6024017014804	92.2039317411954	127.009041070408	71.5745290487162	217.591330554484	0	0
92.7615051932174	126.160590855512	71.7254155571964	92.0988182597368	126.775664869314	71.5397505637246	223.388895393682	0	0
91.3499664076304	126.143976757777	71.2512273941975	92.035971717408	126.695492144805	71.4584581139216	224.270957478887	0	0
92.087255481903	127.863221843619	71.4692217745506	92.1443007343029	126.902857533023	71.5409967781085	221.752106946389	0	0
92.9628739292443	127.825339469488	71.957335302986	92.6569102213595	127.277391959991	72.002768750003	225.22297327577	0	0
93.7126766080248	127.179370319235	73.9080575863131	92.5992854660829	126.822504195274	72.1192089549426	226.908294712546	1	0
110.889024065827	140.996030958068	92.9595605287867	92.6390906978047	126.927799777091	72.1442155517514	220.135131621702	1	0
91.7741930825762	127.255591725814	71.8058529494875	92.6511902000833	127.006974950335	72.1765477579503	215.590850373999	0	0
91.8667097980569	127.521375777883	73.0278770943896	93.3675007120792	127.665302905105	72.9649283869019	228.240997183362	0	0
94.6747915060128	129.055545505354	73.5984853078723	93.9207968753476	128.210439238996	73.5498889627794	235.893120947655	0	0
92.8502896568731	127.438930870656	73.1512796811469	93.8015322810846	127.965277364918	73.3621503251966	227.856744312763	0	0
93.9397478725457	126.711686852757	73.2629751864716	93.4685775028143	127.446682413108	73.0403441816827	222.362096915837	0	0
93.8830943172979	128.07937297336	72.7222342658356	93.3163368482203	127.40287583402	72.8778978279977	219.596346371195	0	0
92.6336731123172	127.38195859399	72.6595690789895	93.0185679765885	127.170380455974	72.565347479556	213.579138104644	0	0
92.7791432012588	128.489621648043	72.2387072535539	92.7843274977339	127.073173186926	72.3023384304171	221.277148130336	0	0
91.8398016747963	127.216832000548	71.7784786951097	92.4496737964932	126.869006709107	71.9485668292704	231.22081024436	0	0
92.1066823530315	127.900313925833	72.2899122598272	92.7160399859545	127.147144051781	72.1710208560389	237.789306562067	0	0
92.5360350608179	126.623893214573	72.3918531806901	92.8997305090055	127.278775270606	72.3185312482515	239.05136848784	0	0
91.9903393699634	128.325846113577	72.5411678820737	93.0476703572644	127.48995940916	72.4564076787425	231.019189202817	0	0
93.334070339289	127.676112997719	72.6001648122491	93.1630571866799	127.534028178518	72.5840214727412	227.375920707696	0	0
91.9871177800898	127.02483991388	72.7358046857184	93.1282965378261	127.235225428199	72.5302087127766	229.073106922051	0	0
91.4228081105263	125.88775318784	72.738776414731	93.2304107196333	127.366783360134	72.6664982608326	226.500806354849	0	0
94.6123982675331	126.620820309017	73.2363705885911	93.9053349897415	128.134188009721	73.2814268565982	235.448639135845	0	0
94.1479857673649	130.06086935253	73.8383270081044	94.6388236665849	129.126203019068	73.8804714079119	249.310144867447	0	0
95.2154402512711	129.625947689538	74.0607414933133	94.7260410851893	129.198880244422	74.0180053585161	249.329989481053	0	0
95.3863054024527	129.359196433125	74.6162204260355	95.1150554035584	129.293404542214	74.5745150022169	247.294900276894	0	0
96.4654995513119	129.666051090329	74.7267224657321	95.3706975767682	129.425300944881	74.8667558359149	247.560048386147	0	0
95.6274070644784	130.173681376803	75.2524070969186	95.7836184955504	129.701043605819	75.3561666047862	247.495051897931	0	0
95.3565975218775	130.969125226668	75.4491212667212	95.8627975042043	129.901949689706	75.407758654781	248.531872091968	0	0
94.2508795150518	129.491537926599	74.8912171128738	95.2945668318153	129.290559057232	74.8034616617336	253.897389066248	0	0
96.1861810123503	129.662744502672	74.8680500408657	95.4098775503996	129.580180829962	74.8745938740854	257.279632876526	0	0
94.7541417763543	131.201394139426	74.8895512119047	95.6334729834655	130.117066395187	75.0726097898324	262.932069458304	0	0
96.668588442482	129.379238836656	75.0465408236948	95.7992786932689	130.192320469149	75.3584770283774	269.217759851136	0	0
95.7630173754151	129.60838091265	75.8181645543409	96.0626652571995	130.214989001056	75.7463379173194	267.501299592826	0	0
96.3722718906508	129.717002052679	75.9845086142422	96.1693179519992	130.143813701578	75.8375675564346	270.945248978868	0	0
96.0934408324179	129.790580100871	75.450689331786	95.9026314933334	129.945728519761	75.4838604721972	268.682058245385	0	0
96.8242053616377	130.194286699034	75.4151319522694	95.9192676678839	129.887230021428	75.5304804318317	267.772528831434	0	0
93.9787336370899	129.606304967094	75.357942637323	95.6302386176433	129.544001915862	75.2564982725284	267.404257456485	0	0
95.4910719239757	131.13457961479	75.482092342966	95.776828982352	129.85958254173	75.3800284491334	270.677078043986	0	0
97.0772822562506	129.647485702479	75.6672183967453	95.9423877490056	130.006761033045	75.4800990352223	274.244657063698	0	0
95.2724635260959	129.495908254083	75.2517102789779	95.9300322261369	130.137457578174	75.4197844101061	282.925964164047	0	0
95.440920427506	130.019777420373	75.3679489594531	96.0079669688443	130.348577959802	75.3965754620273	289.190349950734	0	0
95.8972064343017	130.161455842504	75.4600825682985	96.3695533574294	130.818172526867	75.5923883897965	295.62879802985	0	0
95.7175169184494	130.286215239478	75.5597138402617	96.1782247059809	130.571966943167	75.3806138348448	300.999352731207	0	0
96.7448390728003	129.076803172462	75.0063593063284	95.6486846055994	130.098401792594	74.7675508570667	296.425345563336	0	0
96.0136104020527	129.330396029357	74.5023977450748	95.5491530674387	130.04077140789	74.6406234980973	296.610135053339	0	0
95.5002302181744	130.440897231891	74.3073796801755	95.2861230885838	129.786607744904	74.4309113187279	300.154197976984	0	0
95.5689857697775	129.410619120338	74.696933113067	95.0182636744088	129.521529130956	74.1961846579096	306.115640760181	0	0
94.7603596326467	130.495893530586	74.2252868367076	95.1359820799919	129.720138289925	74.2622008044978	300.345879471449	0	0
94.8403283786416	130.24299031015	74.4781079398522	95.5098153830323	130.135478763404	74.5917541298223	297.875700834667	0	0
95.3933492820121	131.103211126151	74.7857768318924	95.6416796023539	130.280360196517	74.7331165038437	279.960767021155	0	0
95.8524752639454	130.613338056899	75.1149327366285	95.9316262145126	130.687462137076	74.9625410759237	274.099869733892	0	0
95.2243096984299	130.229326595763	75.0396219321332	95.9382793796178	130.58060069588	75.0949535075691	279.532521397945	0	0
95.5300805097141	129.391297434866	75.0162726640513	95.872097229858	130.362607018296	75.1319261105451	271.966247589077	0	0
96.1050064193586	131.929024326835	75.2545006846834	95.7965454919679	130.134127188859	74.9654295106039	267.618097926557	0	0
96.2833192525435	130.082310362184	75.0319604464537	96.1449886190982	130.430573045527	75.3244333097513	266.886204635432	0	0
95.2031441497656	130.81690940853	76.399980089725	96.9010407689027	130.907724042842	76.2771339554437	265.447031638863	0	0
95.8653802763457	131.821803564276	76.562354010224	97.0647998807035	130.976802402027	76.5513066165857	258.570298962862	0	0
96.8135122381027	131.745246496834	76.5428766303435	97.153643093767	130.956497906279	76.6065188121519	252.611956600012	0	0
96.6104436072981	131.292484705106	76.7065768814001	97.1294083870269	131.097506724447	76.508705290008	245.358543242721	0	0
98.7849945138724	132.631358967079	76.8615368611258	97.8481758111802	132.012453281585	77.2295806565092	242.849135416547	0	0
97.6117027490746	132.624616060706	77.5653763746636	98.3092993606184	132.588123255748	77.6752185321157	243.53136473606	0	0
99.9842164352604	131.910236144032	77.6795607646024	98.3884346464468	132.538170841386	77.7812352815622	243.670709703713	0	0
98.9679024885207	133.627585910628	78.3909082552301	98.940285093776	133.090343426913	78.4056925178557	244.232131036189	0	0
98.7054626147491	133.753262170708	78.5844961632023	99.2347510230967	133.230332467062	78.641178485578	251.724957792384	0	0
100.031043854808	133.101471226635	78.7404007508004	99.3503934641279	133.340089068502	78.7008512681549	268.225516165955	0	0
98.0320624063318	131.982697193506	78.7386666246739	99.1856929376984	133.070882345438	78.5926044098333	275.631347610902	0	0
99.1548542223109	132.568631934565	78.5073883490765	99.1549403000988	132.991620703586	78.5801387658412	286.851693684002	0	0
100.072930425647	132.1290038536	78.6667746835729	98.8897428660016	132.660694228998	78.4421074992841	295.380521755843	0	0
98.0927626927256	133.401254357299	78.482762810964	98.7408834315186	132.542727929039	78.3330945682783	289.246030659887	0	0
98.1071210517851	133.181624521464	78.2559327226945	98.6125642585951	132.309775991062	78.2183621372446	279.497536033413	0	0
96.8092492107302	132.272479331097	77.5988633621835	98.109279680183	131.68940176749	77.6258951714388	276.23626599047	0	0
97.1405672258385	132.067900888287	77.6730538574907	98.5153897614928	132.190140155146	77.9076081246835	275.258637461133	0	0
98.3774708415911	132.593677825895	78.4199850285002	98.7660189059321	132.385137627178	78.2922645607296	270.486725965869	0	0
99.092148618874	130.741903843758	78.2750890368385	98.6113318423877	132.182735906604	78.1557675085635	270.91468162911	0	0
98.0634695160398	132.216753960164	77.748360509804	98.1731734779049	131.826496639692	77.5951908454806	265.14103149418	0	0
96.8965184294842	132.276939958433	77.2531931414437	97.7809496346263	131.520908008391	77.1026910568589	271.644023896018	0	0
97.7552311878425	130.893601541327	77.1390108216554	97.6669555221471	131.597275517064	76.9591275755934	282.045620779354	0	0
98.5863035944976	132.232755461391	77.3721588011799	97.8944552416422	131.933415707876	77.1288530876352	278.467584188247	0	0
97.1997561394446	132.022974983102	77.3509236542139	97.8736908436218	131.877430293435	77.050879726907	275.115243180089	0	0
97.5033469618429	131.817999133105	77.1108729904105	97.9459180528573	132.120559724261	77.0180076340977	278.840803538633	0	0
98.490199534671	130.896170169393	77.0566598369099	98.0065815037262	131.992867812555	77.1341522024692	271.752027775167	0	0
97.4897752098948	131.223420001583	77.3681729376963	98.0070809080064	132.012923451982	77.1473303810137	253.766523505261	0	0
97.515788048849	130.801214761351	76.6940307347407	97.5175861777661	131.455008875634	76.6277388590723	239.708209617718	0	0
96.0621187217783	131.350715804167	76.2562532635228	97.1808136820957	131.176681404352	76.1749092225584	242.264761373261	0	0
97.966199385592	129.757169579876	76.1651195133952	96.9874110845752	130.688998450201	76.0629762862221	252.040673891475	0	0
97.4847406458892	129.765593608085	76.3315011831051	97.152105703364	130.752851581964	76.294693190798	262.427542085124	0	0
97.0499120249193	130.804498299521	76.6225635907702	97.2722427820051	130.892737022782	76.5441859330026	255.02886045138	0	0
97.8476022726237	131.716437043272	76.439936823221	97.0796576024033	130.681518309499	76.4179177557198	265.13145404363	0	0
98.0572137823318	129.776796102652	76.2944289113654	97.1116773089638	130.963878017951	76.3059447321137	267.604178624287	0	0
96.2072211119256	131.265133348867	76.5820420797135	97.3582793219069	131.256997602744	76.5498301587704	280.887239392701	0	0
98.4304760852594	132.636913586342	76.6879927540308	97.3540093404915	131.315160854242	76.5826333378174	284.358146946484	0	0
96.982568419495	131.163831947247	76.2147625015407	96.9858880269183	131.080773626927	76.1583783287401	285.426993300283	0	0
97.0395875811457	130.948953395749	76.0506098994856	96.9784032135168	130.89188149974	76.209126231769	283.035942493547	0	0
96.4539964392721	131.151752640226	76.2628303450032	97.0458518496439	130.912759141803	76.2579100586267	283.665447840582	0	0
96.9909770293569	130.939294535557	76.2586575879002	97.1176932814407	131.046817799543	76.2670601268932	277.409604243786	0	0
97.9744319389453	131.667979822215	76.0653598476816	97.0398987965875	131.070529844109	76.0413705425771	283.753135947934	0	0
96.1262988457863	130.457920532125	75.7580132164489	96.9000632625093	130.982429960126	75.8030443256254	281.271424447432	0	0
97.162811629116	132.462708621371	75.9181045900384	96.9950100800937	131.2153845456	75.8694930291815	293.566069553495	0	0
96.104494068837	130.64755616613	75.8121231456223	96.8348450892981	131.155921121509	75.7048069691755	292.021592972304	0	0
98.5623883502108	131.694673853035	75.4447291586297	96.6514506393844	130.915837579268	75.5362649106692	290.493381864696	0	0
96.7688298942296	130.310317191955	75.3086738394956	96.3450847507041	130.728361741854	75.2425520097596	282.625580501908	0	0
97.6221787861189	130.705786673919	74.6012713258571	95.5711854971597	129.859249484542	74.4905071448794	288.557723745509	0	0
95.6711254951738	128.647755572809	74.0826741200683	95.1898146450181	129.328083022125	74.229432729445	304.457035430084	0	0
94.5428894904161	129.819229593282	74.473099033121	95.3888489407693	129.487570790046	74.5123359749045	297.355178337833	0	0
