101.33 143.00 75.86 113.26 113.26 99.00
96.66 138.29 71.93 108.32 108.27 99.00
94.05 135.36 69.56 106.43 106.40 98.33
91.74 133.12 67.55 103.64 103.66 98.00
91.41 133.15 67.31 102.10 102.02 98.00
91.84 133.78 67.55 101.22 99.83 98.00
90.92 132.98 66.73 99.95 99.93 98.00
91.17 133.12 67.12 99.53 99.52 98.24
91.79 133.74 67.52 99.37 98.36 98.00
91.92 133.88 67.47 99.03 97.92 98.00
92.36 134.47 67.88 99.22 98.22 98.00
93.03 134.97 68.75 99.56 99.54 98.00
94.00 136.32 69.46 99.47 98.26 98.00
94.55 134.34 71.21 100.14 100.45 98.08
103.22 134.74 85.22 99.22 99.81 98.60
94.15 136.54 69.63 99.75 99.90 98.36
95.07 137.45 70.62 100.33 100.48 98.34
96.08 138.90 71.14 99.98 100.03 98.76
94.58 137.08 69.90 100.71 100.53 98.41
95.09 137.48 70.41 100.31 100.25 98.51
94.92 137.24 70.29 99.98 99.97 98.84
94.73 137.59 69.98 99.50 98.10 98.44
94.41 136.62 69.95 100.32 99.85 98.39
95.49 137.69 70.93 99.92 99.92 98.90
95.66 137.91 71.02 99.69 99.71 98.90
95.12 137.47 70.61 99.85 99.76 98.98
94.90 136.71 70.36 101.05 101.07 98.88
95.49 137.58 70.78 100.25 100.19 99.00
96.31 138.48 71.62 100.55 100.59 99.00
96.37 138.61 71.66 100.69 100.66 99.00
97.78 139.71 72.92 102.73 102.74 99.00