76.60 104.28 66.34 108.10 108.14 100.0
74.84 103.53 65.58 108.05 108.20 100.0
89.86 105.08 84.27 108.05 NaN 100.0
81.60 89.38 78.43 109.00 108.63 100.0
74.37 101.69 64.15 107.88 107.88 100.0
76.38 103.95 65.95 108.22 108.08 100.0
77.95 105.85 67.66 108.08 108.05 100.0
77.07 102.69 67.10 108.09 108.12 100.0
76.92 101.41 67.00 107.83 107.86 100.0
76.27 101.31 66.69 108.12 107.12 100.0
76.09 101.41 66.28 108.64 108.46 100.0
101.10 118.92 94.10 108.53 NaN 100.0
180.14 183.37 178.54 108.66 NaN 100.0
73.24 98.80 62.78 108.63 108.63 100.0
73.90 101.51 62.64 108.88 108.74 100.0
74.00 101.84 62.09 108.39 108.37 100.0
73.61 101.86 61.85 108.24 108.24 100.0
73.21 101.78 61.55 108.32 108.39 100.0
73.03 101.81 60.98 108.59 108.50 100.0
72.74 101.62 60.50 108.73 108.56 100.0
72.00 100.88 59.80 108.34 108.36 100.0
71.88 100.76 59.26 108.72 108.83 100.0
71.24 100.42 59.14 108.29 108.46 100.0
71.00 100.47 58.68 109.14 109.17 100.0
70.76 100.26 57.91 109.17 109.41 100.0
70.02 100.07 57.42 109.31 108.14 100.0
69.83 99.52 57.00 109.40 109.32 100.0
69.10 99.07 56.25 109.05 109.17 100.0
69.00 98.88 56.00 109.22 109.40 100.0
68.64 98.42 55.76 109.03 109.08 100.0
68.03 98.17 55.03 108.88 108.83 100.0