81.12 139.73 57.47 63.98 64.05 100.00
79.60 135.84 56.38 63.44 63.41 100.00
80.56 137.54 57.17 64.03 63.97 100.00
78.64 135.79 56.02 65.79 65.72 100.00
80.08 137.03 57.07 62.92 62.88 100.00
79.86 137.07 56.75 62.80 62.86 100.00
79.26 135.72 56.41 62.62 62.66 100.00
78.83 136.97 56.14 61.76 61.68 100.00
77.81 135.86 55.03 61.09 61.10 100.00
77.83 135.92 55.27 60.41 60.34 100.00
78.71 132.49 57.75 58.47 58.00 100.00
96.72 148.91 81.65 58.58 58.00 100.00
76.15 133.97 53.58 58.86 58.66 100.00
77.00 135.17 54.45 59.28 59.28 100.00
76.58 134.76 54.05 60.97 60.95 100.00
77.40 135.50 54.79 60.31 60.34 100.00
76.58 135.24 54.20 60.53 60.58 100.00
76.09 134.67 53.79 58.62 58.59 100.00
74.80 132.71 53.32 63.88 63.78 100.00
76.16 132.81 54.60 66.02 66.03 100.00
76.71 133.15 54.88 64.69 64.75 100.00
78.36 135.47 56.19 65.53 65.51 100.00
79.24 136.17 56.83 64.71 64.66 100.00
79.16 137.02 56.55 63.88 63.90 100.00
79.02 135.31 56.60 65.28 65.41 100.00
79.05 129.93 57.47 67.93 67.93 100.00
78.69 132.32 56.63 64.03 64.07 100.00
78.14 134.90 55.90 62.64 62.54 100.00
77.86 136.85 55.66 62.12 62.16 100.00
77.00 135.45 55.02 61.02 60.97 100.00
76.69 136.12 54.68 60.36 60.31 100.00