93.61 129.37 73.63 90.08 90.24 98.00
93.56 129.19 73.54 90.68 90.90 98.00
93.64 129.53 73.57 90.76 90.71 98.00
93.90 129.73 73.78 90.69 90.93 98.00
93.73 129.31 73.54 92.17 92.07 98.00
93.86 129.84 73.67 90.07 89.32 98.00
93.42 129.22 73.24 90.29 90.21 98.00
93.74 129.60 73.72 91.20 90.85 98.00
93.78 129.54 73.63 90.86 90.81 98.00
93.93 130.03 73.67 91.39 91.41 98.00
94.20 130.03 74.14 93.75 91.15 98.00
93.59 129.97 73.33 90.75 89.47 98.00
93.85 129.90 73.54 91.79 90.15 98.00
93.66 129.68 73.46 93.41 91.19 98.00
93.60 129.90 73.21 92.97 90.10 98.00
137.36 153.29 128.66 91.52 NaN 98.00
97.48 117.66 85.21 84.48 89.41 98.00
95.61 131.85 75.00 90.58 90.58 98.00
95.07 131.41 74.69 91.03 90.03 98.00
95.36 131.60 74.93 90.49 90.41 98.00
95.15 131.29 74.76 91.58 91.59 98.00
95.78 131.79 75.45 92.03 92.09 98.00
95.64 131.73 75.42 92.34 92.51 98.00
95.57 131.50 75.22 93.57 93.47 98.00
96.05 132.42 75.69 91.78 91.76 98.00
96.09 132.57 75.55 92.47 92.45 98.00
96.03 132.42 75.37 94.14 94.17 98.00
95.51 132.19 74.98 91.66 91.62 98.00
95.36 132.45 74.76 90.47 90.58 98.00
95.36 132.31 74.64 91.53 91.58 98.00
95.45 132.28 74.84 92.76 92.90 98.00