99.78 167.33 78.52 127.95 127.97 100.00
100.03 168.20 78.85 128.00 128.00 100.00
100.14 169.14 78.93 128.09 128.07 100.00
98.20 164.86 76.97 128.27 128.25 100.00
98.63 166.32 77.42 128.16 128.21 100.00
97.05 162.09 76.07 128.59 128.56 100.00
97.27 163.42 76.00 128.10 128.10 100.00
98.22 165.50 76.48 128.61 128.63 100.00
97.42 163.73 76.05 128.88 128.88 99.92
97.55 161.84 75.00 128.90 130.90 99.71
98.32 165.05 76.44 128.71 128.93 99.71
98.73 165.75 76.61 128.90 129.09 99.72
99.28 167.47 77.02 128.84 128.83 99.75
99.90 170.20 77.15 128.81 128.75 100.00
99.34 168.79 76.90 129.00 128.97 100.00
99.75 168.90 76.76 129.00 128.98 100.00
112.45 169.57 93.00 128.79 NaN 100.00
177.95 197.54 172.41 128.71 128.42 99.81
101.24 167.20 78.51 128.64 128.66 99.67
101.62 168.12 78.74 128.27 128.25 99.85
102.20 169.37 78.68 128.41 128.36 99.67
102.45 171.57 78.97 128.21 128.25 99.97
103.93 173.95 80.08 128.25 128.24 100.00
102.97 171.95 79.12 128.24 128.31 100.00
103.64 173.44 79.41 128.32 128.24 100.00
104.59 177.02 81.51 128.31 128.29 100.00
103.64 174.74 80.36 128.38 128.34 100.00
103.27 172.15 79.15 128.17 128.17 100.00
103.03 171.47 79.02 128.36 128.34 100.00
102.29 171.73 78.93 127.97 127.98 100.00
103.76 173.32 79.32 128.05 128.12 100.00