82.75 127.66 54.02 96.42 96.32 100.00
84.17 129.86 54.81 97.48 97.48 100.00
95.19 142.41 62.49 103.64 103.71 100.00
102.36 153.93 66.22 106.88 106.91 100.00
95.36 144.76 61.34 104.69 104.71 100.00
88.29 135.59 56.97 99.33 99.29 99.66
91.10 139.71 58.73 102.10 102.20 99.61
95.71 144.00 62.71 106.07 106.00 99.71
96.72 145.91 63.03 106.55 106.63 99.85
91.25 138.20 59.36 104.68 104.47 99.86
100.40 149.03 65.47 106.97 107.09 99.79
98.15 148.66 63.53 105.59 105.63 100.00
92.14 140.71 59.90 105.21 105.29 99.78
92.64 141.47 59.76 105.64 105.63 99.00
94.15 145.14 60.53 104.61 104.55 99.10
87.71 135.22 56.71 103.14 103.14 99.15
88.19 135.68 57.17 101.34 101.36 99.00
119.29 154.38 94.21 107.21 NaN 99.29
236.66 236.66 236.66 105.24 NaN 100.00
135.06 161.45 121.11 102.00 99.53 100.00
131.10 162.59 109.84 100.68 101.21 99.20
78.76 123.92 49.42 98.57 98.48 98.95
77.52 123.22 48.50 96.81 96.90 98.97
77.27 124.19 48.17 96.83 96.86 99.14
74.38 119.26 46.72 95.62 95.63 98.86
73.90 118.64 46.39 95.81 95.85 98.80
88.03 134.16 56.34 105.97 106.02 99.29
96.44 145.66 61.36 109.97 109.98 99.49
90.83 140.19 56.22 105.59 105.58 99.16
85.86 133.90 53.33 103.16 103.05 99.00
80.29 127.19 49.88 98.31 98.34 98.63