84.32 144.17 60.93 108.17 108.20 97.07
81.10 142.52 57.19 106.76 106.81 97.03
84.15 148.46 59.03 107.56 107.53 97.17
84.59 148.95 60.29 106.67 106.69 97.20
85.08 148.75 60.98 106.98 107.03 96.92
104.97 162.90 83.73 110.81 NaN 96.90
150.97 167.53 144.29 108.51 NaN 97.37
83.63 149.31 58.85 106.86 107.45 96.90
93.62 164.12 67.33 112.45 112.47 96.97
88.71 153.17 64.58 108.39 108.32 97.10
91.09 160.12 66.19 107.03 107.05 99.81
91.34 159.93 66.58 107.12 107.09 100.0
96.03 165.17 70.62 111.74 111.76 100.0
94.31 161.85 68.58 112.73 112.69 98.34
86.69 150.03 62.59 110.31 110.33 97.00
91.22 158.05 65.97 111.69 111.78 96.66
91.67 158.05 66.71 112.22 112.26 96.16
88.46 155.46 63.22 110.25 110.32 95.80
92.19 161.54 66.08 112.53 112.58 95.31
86.28 150.00 62.24 109.41 109.38 95.36
92.34 163.22 65.32 112.59 112.69 95.51
87.59 155.19 61.92 110.31 110.28 96.00
83.10 144.78 59.79 112.14 NaN 95.41
74.08 124.98 54.78 110.56 108.78 95.71
89.38 153.78 64.81 113.81 113.79 95.14
82.75 144.46 57.78 111.78 111.73 95.47
87.51 122.98 72.43 111.22 NaN 95.83
89.56 152.19 61.95 109.85 106.36 95.64
86.37 152.32 60.80 111.71 111.78 95.62
87.16 152.91 61.47 112.81 112.85 95.34
87.24 154.19 61.81 111.08 111.19 95.55