80.03 109.81 63.60 88.56 88.56 98.73
81.59 111.88 64.95 88.83 88.81 98.88
82.64 113.31 65.67 88.97 89.03 98.86
83.98 115.29 66.76 89.07 89.08 98.81
85.03 116.27 67.71 89.12 89.10 98.81
84.74 115.24 67.41 89.73 89.80 99.00
84.56 115.64 67.29 88.95 88.95 98.86
84.02 114.88 66.69 89.60 89.60 98.42
85.68 117.20 67.97 89.02 89.08 98.61
85.00 116.69 67.29 89.53 89.55 98.17
84.31 115.90 66.47 89.07 89.10 98.00
83.05 113.86 65.75 92.75 91.57 98.00
77.28 106.40 61.83 112.26 82.78 98.00
81.22 112.08 64.27 91.36 89.88 97.67
85.74 118.24 67.59 89.86 89.86 97.76
86.56 119.36 68.17 89.73 89.64 98.00
88.12 121.21 69.50 89.86 89.88 98.00
87.69 120.44 69.07 90.66 90.71 98.00
88.02 120.63 69.25 89.62 89.62 97.91
87.53 120.52 68.79 89.19 89.20 97.64
88.37 121.56 69.53 89.00 88.98 98.00
88.24 121.29 69.24 89.12 89.12 98.00
123.25 144.81 110.86 88.10 NaN 98.00
143.69 163.79 130.74 87.59 87.58 98.00
88.27 120.88 69.29 87.00 87.02 98.00
89.95 124.19 70.33 85.52 85.53 98.29
89.24 122.15 69.75 85.95 85.95 98.53
90.68 123.15 71.36 84.39 84.26 98.03
88.74 120.95 69.76 83.29 83.32 97.14
88.78 121.19 69.88 83.12 83.05 97.00
92.03 125.45 72.55 81.84 81.88 97.00